110.72864941355657
812.4640947511266
734.3641620984748
912.0408162027155
808.5501060817098
72.17672660099785
858.9197742359933
76.14490054740905
124.82588816563414
876.6219195618634
433.75945079006806
800.0670688045532
746.8634602779241
894.0258957499811
626.1720186891001
273.5060152956752
61.57775953971646
897.9805549725924
369.02135807252483
455.7711081640496
257.2099254870315
13.666593485764343
226.22560813684225
893.2423132661596
274.81795419239614
916.0128834966492
127.84622784542628
927.3141697136388
59.32031212271625
576.6603670782969
619.5827444587333
413.73012363026544
636.3875885406648
335.5347674920408
434.70173614351523
728.6185576703052
8.927781885737515
810.2052718172641
545.5977299316986
474.38305943778096
375.300534690281
942.0169944172413
157.29227721236725
439.8790354692382
290.72059961911907
292.23279777169273
386.22109961323565
814.0256662447844
563.5755060702295
624.1061352579585
794.642569744651
290.1561904913804
959.5829373750502
7.928791493002189
333.92055510159764
450.00144471107103
218.85220135156467
855.6590048350095
568.7913552769049
471.23133363571196
823.9906146795425
559.7325247621997
849.5206399016208
120.94456615149855
11.408635891171645
747.0952541178327
89.58753650357905
319.40274876168695
872.9294740371594
174.3690693161232
773.2034838687392
273.6454298340465
90.69707391985894
223.37293815134572
229.58106269668068
669.4028746808839
865.2029437384926
337.96928455099965
579.4125495837284
11.93952115440314
574.015403048401
483.3917151139489
813.5004010386151
72.11610933001819
717.4966566624272
407.8323337277555
693.9021285669887
693.0491662742716
617.4313864391673
43.12836521681225
64.30912971487545
565.2771064712939
755.0666550076431
416.88526433566443
878.6740259878962
284.30800378086934
156.57693663602234
752.3091595689749
935.3336317195947
323.82886362027887
86.41890949997186
844.3945755148443
8.044292419153122
480.6979386045344
732.4295439810692
801.9240996417598
15.45418181014762
264.1208329749467
530.8470739420252
253.98415329661898
756.5816847021371
321.1280668285465
84.6980847477413
497.3873730551633
281.85154570923424
443.62609588345015
15.19551767675352
857.5144154254331
207.16047106271003
778.8852849955535
192.93014929489138
289.6489209264513
122.30128810166158
955.3580022739892
193.71537557565512
630.8774964618968
104.86938793675884
499.1865814938722
182.95815225175485
504.06175017053755
396.50812243042424
483.66529345611735
822.3800459090876
355.2628797422382
440.0192234995072
724.262155670293
213.80143142311073
574.3095983254594
273.4721523637852
785.585836802079
196.5279273419236
744.9482700133649
680.9909755032913
73.8996056631279
137.64130975760074
786.1997981986962
349.37965510917365
859.4385586752801
418.1993786176127
710.1705927636737
555.1670805460654
686.8784117389529
732.986629487595
873.6259277794195
118.01005729158062
449.8330476438315
667.0349914467866
131.13147888039813
443.68752222990514
946.2248454856626
708.6466368945931
946.504908310553
873.1519084698416
115.7768937911257
506.1025215911341
866.6920985254089
713.2732932035531
748.7164947649143
743.628763688924
577.993246606851
620.0193923673648
186.06018452886485
851.5195170261594
958.8121085443686
545.85936522379
976.5664978962043
335.57798430371275
45.78725416259406
490.1621145060195
183.59678753608614
382.23903980607247
11.287215873491215
44.27913328051274
856.717112164069
207.8754499894479
49.81176948539145
821.8599792345119
547.9024091873631
263.8653803690075
308.8401876434835
729.7428345958205
110.6720093935452
503.0133519238872
436.1020022935189
955.495548164448
812.3888304354095
607.8672272904876
370.1198473252902
784.3519159180629
175.29738837809597
87.3630725051257
684.1834759538448
210.89598067232623
520.6541536136947
55.05534612090327
645.6630277626418
449.39157700638657
12.521289529061688
559.9541302481748
212.75448764375227
731.1368378395388
503.4486760304636
219.69189839155905
729.3737475212591
567.6437661457975
93.36098762467286
985.3808520596051
765.9758929643913
254.79966608675434
405.49617218724956
148.09877159627013
369.5747510494348
275.4626711864082
669.2079881731054
308.4539611393845
520.1728631469869
746.1760033024257
478.85011935645053
843.1319110876419
973.1856421994719
97.8550630837098
490.80051064369025
895.714523233626
488.25328143411605
650.409583576374
66.96471473572556
553.3889730624933
584.0828032372212
117.30741004026352
402.81290294393625
956.4271223161601
486.6476406838481
168.06908091912584
301.1603148027606
383.5174002166754
314.19535101742474
954.6024216447221
649.4920252940461
473.1696862944214
787.0748063595958
681.1436770271183
958.6628869255383
429.4902318676732
853.3919315201406
697.366638689507
774.269715953221
969.636914954389
82.93867660329049
499.9534910553783
488.89731775783144
550.2166394841208
601.7133051530636
959.5916174219307
353.78187114644345
480.77491514193747
447.6601109308052
237.96704581667115
542.2142053554293
334.35458055743965
285.005029818005
852.8709951328948
44.22278695332445
187.86351595047762
509.7491518711632
679.0181550442396
742.7296918758973
988.6926281394021
352.50512776167244
467.59504907645686
685.4655684224683
818.664436870004
886.9218889602305
8.914251239558881
384.4583252250474
241.96819933111155
472.4414636452778
69.84572159935037
435.8772315447179
820.2515087526596
629.0668935214603
500.92822157101045
217.41830735889795
315.4893949447723
789.1934026818953
277.23376035412537
58.25900092967078
639.6407148658205
297.3657875505546
342.1664130634084
707.8890069631777
749.4275482304674
893.0724541478769
804.4201572349922
984.8410852894799
864.8372329057607
824.3727202390401
985.3043950994214
334.50039663822275
591.1478645390378
621.2766830234134
566.5645011758327
836.7616738386292
46.41638224214768
417.3573818382982
267.6830740881463
699.334122661597
49.445109667861296
126.07354343602529
196.44188999600075
230.95982664566122
247.25579741184853
924.7161882536254
197.25721301459316
730.715771567315
876.0516181195032
853.7656584994558
358.47109757020127
304.9122011995661
895.5361968250126
682.7564504717321
142.38854504122213
121.87815225511906
33.28494044769886
415.4945026408143
380.3956931405929
337.14283828624696
373.62760300919564
607.658228595929
859.9757477814594
717.1752242533623
164.20209850157744
318.4365036323688
980.860772167026
138.93610433534138
272.97847924346496
54.918323164746496
493.913179749419
745.0264392164262
239.12780462295805
233.44618849747002
268.6270766703884
260.1823009997308
562.6248085579704
796.0813321865543
553.3711250506169
804.2710598955504
289.9237390009004
242.70139945616702
156.66503907169795
229.78560393960527
896.4363365404529
90.06248472854234
527.8890716380897
168.11209827073458
930.8660715886218
88.40470988298465
981.8705938665845
248.56412924033302
761.7173063442417
603.8666115348723
633.7747175661829
827.3299312795976
392.4985957017273
531.0963393571907
978.6453132660287
120.07169354702766
329.2785311593969
835.008398700775
753.8006657548304
311.9446826252463
952.3282392666043
293.63273465839615
672.0827037669228
342.27108847328816
152.5984644649157
225.43820374057967
709.6910074995832
118.00771676595589
263.7307560263395
134.38593138594945
624.0031533986493
630.4884132387818
91.19001743468515
934.2784104267269
324.3899986506737
383.7013556969391
751.9331192625425
100.71801795253504
22.579477250363386
299.57824921276824
60.79054040463211
364.17483039607447
948.6051245853473
216.42680319934016
203.44041296435816
21.285646980718163
883.7953223668567
230.7293309593577
510.4922119707649
463.56794349867687
473.6164997341301
550.0600731416861
182.7738683963239
673.2291445111673
110.478844310401
455.84043107693
774.4297436763958
674.6885660221676
829.845111691433
719.0552500382779
847.8877008509336
337.8010071537212
412.1533780229884
509.89607654713177
623.1429462773057
54.582819903750725
688.1716860214411
973.5750923559185
483.13154943513365
515.4883449661098
56.44772919253728
49.27193927915035
687.2310286627666
683.9707634046113
778.4988661915577
637.3284616710348
496.1260345311932
169.18409707187007
870.3080669200948
451.3992604020633
643.4160795322097
766.2437997692195
977.5483741032313
667.2944627753177
42.418361174443966
681.4615851783383
896.7536234553476
438.7185271707786
240.63259552938214
716.4051579596647
245.38572025916181
812.01277045586
329.28531333861264
399.50722463018667
730.4183514471862
797.3514153628472
571.2607788485444
247.25830382487607
837.6645937294282
622.6199321589496
287.55076652526134
458.7658770225649
332.6209731349566
838.4214446899823
270.1200180739923
347.6481585047751
648.0827854762765
948.311424682559
197.78480548543894
263.85383365903044
4.205136738731108
187.45221995614563
381.34060719081873
535.0593112064118
353.04235791002145
815.4088779268764
404.7520096584738
852.793699972163
631.8923726368482
924.773757118559
200.7301239042753
822.3764498276429
798.0059068597241
676.7126052755842
321.4755137111485
958.1264431068132
551.3897047344775
397.36586287247434
308.7521460258348
266.1114104715728
962.5409576082942
495.31852171386396
201.78460491620518
525.9546146212617
477.9942186794931
910.0687940012909
546.7344277904175
50.901530873859
158.5453516979239
184.57977365770483
487.71254589024824
961.4720031301658
482.93677425277656
381.5905855491192
736.4233666142851
502.58414397451196
443.64492117194993
273.39227224161397
715.6123180453154
527.034119776534
961.2071267088623
568.2408093646659
310.5024796201201
479.6517122544223
529.2562848308256
913.4840631073438
212.35690788951334
396.3242329031426
974.1023567271268
405.8205135012045
199.19169831057093
910.3924464443218
430.3068081518527
562.888248142045
90.49191266781345
485.6696867340053
467.2411909206494
677.5979048674884
665.5447360240704
630.5210936282778
711.1036394410075
877.2789570200457
358.7070948544734
71.06322781238089
242.28616419547365
923.7995624947431
909.5618602555153
643.6043179131669
229.34452033716602
828.3501208770424
71.49458085136206
626.9438896040602
738.1157264625332
445.546928216464
568.7350810651482
504.0858381310893
487.76196606584733
935.9170696722094
769.360399788326
650.2922696535433
924.6888129527289
653.6674859463437
520.1431540429033
470.21557609644566
200.3935209388542
137.91991632701362
838.4570504037971
201.09483083866525
840.3437372269551
320.3107967873178
636.7132246496853
551.6876479612771
557.9698984031008
740.0092728975503
346.00381403000716
467.73184720511694
660.7736974732425
288.7983512164895
317.76674106116263
694.2920201483465
344.4134824766848
503.89322498880995
515.3624057720367
743.3437808239872
325.4212346276766
784.6378997759346
931.4665434723674
651.3843157300465
893.9391842773659
681.1257924964812
72.13473353758464
396.7307765384474
34.53349772284822
458.1309210950801
644.2823513045704
319.4785558522387
535.7498428145924
636.5164003467526
840.1504971521094
798.839817632236
197.62097217170762
596.5037042727889
80.09185869178681
572.7675802337276
0.8185399300477347
442.8397095668217
563.7112128143589
433.39453170512974
651.5613714930116
370.9913609154988
869.0347998338054
918.8756436735579
912.749848908143
406.0261953573239
679.9582549815159
427.72188736899585
204.09116378436386
911.8044841238456
183.73672990038463
445.6481169987046
522.2121579831063
587.5124315674246
582.7320246402892
367.3309111950283
775.9269423981981
611.4082049125323
448.02025925331947
856.2828262647237
941.9335087003594
667.9313133462167
656.7893861126146
145.2978499276344
862.2586326818437
934.0433412276476
190.7204497906526
737.6077004793108
896.7528469483623
743.8215535509829
968.7464002154716
85.01259022436173
901.8568991345935
676.9193089093753
574.7220005386107
153.80959358470332
620.7190602339458
926.5363232582991
568.6140196247914
732.3408863305982
819.5368407318865
436.0083791231735
8.834850158714197
255.41864854980807
290.7299276756307
830.0307333862016
623.2933243223998
0.7572153245122237
945.220242880551
666.8711950178349
977.6260669061131
660.853297966305
353.7031718860799
281.70771060218135
0.8979555998958744
450.5029652385364
930.3384516269987
738.4429919880873
11.824602074071382
585.3302468713878
471.77177609856295
858.0019719012998
882.2707026782231
130.32441426519813
439.81823447128664
685.2104269240675
279.41650454588563
39.44430353307217
987.4958663496959
173.88208621760506
643.5615242370211
57.84556778126336
695.3926565285633
680.7084829535536
395.04746015607793
637.222647331201
168.5830934150185
802.9498037518308
951.2340990579353
282.1300827396782
253.4791814932457
432.7673329310664
412.8502608582231
850.9583625897026
539.11008722444
512.3167077632288
908.3682544606448
279.4875158129972
428.3672843100607
948.4387240686953
875.3138682472311
597.6277020999606
231.73677830869445
43.937863705533005
738.6251970860666
871.0779404359105
378.95768911832585
474.0316710737859
738.3118313310135
589.196078840572
982.9060041062653
571.5819524971419
171.74310861166495
148.37017650663566
734.7953939803314
423.187057068721
239.9065682017886
936.6171242400784
290.5206151181831
830.117673446641
691.9298908079036
890.0080983310486
234.6387213534703
723.42081901681
178.0475591688661
774.8297598554277
841.0899750388479
201.29623554712018
268.0205413839461
671.1395638422123
788.3066222016499
889.0655013313875
199.77970284055056
923.5578199667657
270.83854929513865
427.7093907370377
121.76621794640933
463.76299863694084
980.0463030559137
606.0398322639104
932.0797278194348
956.2171055766445
802.7681589507473
854.1029237300606
768.1221395959104
454.14591969943706
849.1634260480296
791.3758928419887
181.93762697797456
116.73429667312658
339.16667554482297
162.72505938770908
448.9017596650262
560.8704544818645
441.1570618680966
397.9338648765026
410.80011447356867
881.5825516123431
96.55485921513318
986.8896063482588
418.66396819044195
614.5602803573158
610.101682550299
322.233477868178
385.9935371627462
351.83847864260895
757.5639165208092
174.43370356984468
9.200956776926395
357.843811456719
940.5181748838398
280.8327240426844
589.2434249755543
447.5653010495737
941.7355909560059
190.24933203056523
286.493615087033
661.6083013156102
794.4761982335601
508.18249665191297
729.9075882084401
804.3264657561006
164.7373994499146
174.56893768838844
711.5018924601457
671.0994596839975
827.1701847384871
576.3876986422757
628.0403814851303
889.1349815490644
782.9847467076377
661.1842910632854
193.656986518692
692.9213625663662
581.7108409801099
754.8040595375908
139.90485794193455
480.64265562993535
698.1625085591402
767.278568116732
313.42296191486474
91.49137923832035
891.3746334904936
684.9004036452435
976.0504555151996
775.8742269944278
523.6380153248047
574.0514195095066
817.7946536995976
501.0046371442946
265.0533753546485
293.31619014309837
639.5729462634132
713.3109710221889
652.2576649371408
874.8163564422689
510.09912654377206
156.46293282469998
419.1460053453014
193.54392801042638
639.674297977764
179.62848611489326
542.5194877591395
634.7504783224682
72.96802373826277
44.82254339226516
726.6348907506539
64.16607245415709
893.1392158940257
234.89328839623965
907.6136936848037
673.9761433768297
640.8477895358802
254.81586883416148
211.58870845290338
669.076249204188
983.845903118453
638.523094961938
829.3234128212256
553.1540542473609
105.91507663359421
791.501352283597
224.8341395291355
582.6143912008349
487.9278297087806
155.8151045219657
876.2779627568052
638.2679571521833
278.7645067599672
579.096527400647
194.03863108638606
710.045582415632
719.7043219377794
422.34748784654613
783.5506250566639
778.7798881956711
652.7359265164616
503.1488834164727
868.9463057049093
241.31202367884694
600.9963264920508
531.0582567127103
298.093241861624
150.83649733256934
308.24834856577127
750.59910931378
30.009294329674574
593.4882324261357
393.9453012789328
444.30658361746947
161.9997848815265
94.70540569879722
41.00791946986376
773.7915330909416
526.1566098645043
484.8687510922776
554.9520080304607
890.7210138692309
453.0911117702874
143.12172112949352
15.456816603966704
551.9863102065574
264.9428004284985
181.11835067114922
44.85238388940459
524.1394284173125
679.8130990538367
454.7243240476686
372.3305555946037
91.42830254515079
355.8185659138337
531.4142328281924
657.9479973977319
279.44523591156485
334.94021170077167
354.2614805862615
586.6906475882884
292.526973342455
534.7654809156089
480.0100326826669
420.0078161319525
357.60488101027323
840.0769714216351
748.7455795288328
550.3000214143088
640.2022615392129
746.0369855446014
946.1512215349151
932.8589315511156
269.7107122399353
160.44909611973335
616.2366605728168
659.708157324287
310.95106342101025
284.2480896126727
442.7716600234038
330.68306419089106
737.3346578527548
326.97707499847115
781.4343460986942
418.9133695001664
627.688938337551
7.555501761124494
721.9009231149986
190.6363251197828
553.9967308572183
830.1237525940988
719.7581611202221
262.9692799022883
110.92176224786557
510.1708724322122
392.2122137979062
537.9091526798757
570.0534649920826
597.5084280762308
119.09532989777406
666.4025444693945
352.30210078243397
279.9489728952391
241.6404057439168
892.8437897870472
480.81085602474957
824.7798618293334
345.89641006974244
767.8094274478249
594.1247674060937
94.29319680837257
685.500009681161
805.2265232321105
85.16634218659554
186.73980315249108
219.79808144237208
969.4979086819349
725.8165817831856
355.1204794423703
718.0325226071878
498.3716740780015
99.58483331464582
933.2097777661642
548.4527053094247
358.54288276262685
975.9747127919825
91.12788090193958
72.81340452414045
513.1147007399024
829.7131676145905
71.63309563876174
441.74470167344725
833.1215553022831
686.0084368879843
663.1029948555897
604.9476181245277
479.3316029974333
219.43776220406338
475.90410234248867
352.0730283166789
365.4959830187871
778.9389691778956
625.5202889642791
185.48396873329293
360.10161234598587
964.6903895567914
778.4172909219476
304.87966894794704
650.5103423417827
924.4121167670386
125.16579668233474
365.97776264458497
831.1306593554021
986.806322305224
369.82798031373676
841.1039233227492
185.96983634348265
468.478345357352
795.0320084583296
808.6314679533251
695.5525518105462
217.73996292412
638.5170814115548
580.7417648443637
508.76849278381286
564.194986530502
219.2255221548151
254.94300666109743
371.72516990010183
466.9423261459755
659.2520772513145
404.1905232358972
98.13303598696704
236.60525783007637
92.12929333851802
293.29147279757495
